   1.6000000e+01   2.7000000e+01   1.5000000e+01   8.0000000e+00   1.8000000e+01   1.9000000e+01   2.0000000e+01   1.4000000e+01   2.1000000e+01   2.1000000e+01   2.4000000e+01   1.4000000e+01   1.3000000e+01   2.1000000e+01   2.2000000e+01   9.0000000e+00   1.5000000e+01   1.9000000e+01   2.6000000e+01   2.2000000e+01   1.7000000e+01   2.5000000e+01   1.7000000e+01   2.1000000e+01   2.3000000e+01   2.2000000e+01   2.8000000e+01   1.8000000e+01   2.0000000e+01   2.4000000e+01   2.3000000e+01   2.0000000e+01
   2.3000000e+01   1.9000000e+01   2.4000000e+01   1.9000000e+01   2.6000000e+01   2.5000000e+01   1.7000000e+01   1.8000000e+01   1.8000000e+01   2.2000000e+01   1.5000000e+01   2.0000000e+01   2.1000000e+01   1.4000000e+01   2.8000000e+01   1.6000000e+01   1.9000000e+01   2.3000000e+01   1.4000000e+01   1.9000000e+01   1.0000000e+01   2.1000000e+01   1.8000000e+01   2.1000000e+01   2.8000000e+01   1.9000000e+01   2.7000000e+01   1.8000000e+01   2.9000000e+01   2.0000000e+01   3.1000000e+01   2.7000000e+01
   2.4000000e+01   2.1000000e+01   2.0000000e+01   2.1000000e+01   2.4000000e+01   1.9000000e+01   1.7000000e+01   1.5000000e+01   2.1000000e+01   2.1000000e+01   2.1000000e+01   2.2000000e+01   1.8000000e+01   1.1000000e+01   2.4000000e+01   1.5000000e+01   1.5000000e+01   2.2000000e+01   2.0000000e+01   2.2000000e+01   1.3000000e+01   2.0000000e+01   2.9000000e+01   2.7000000e+01   1.6000000e+01   2.8000000e+01   1.4000000e+01   2.0000000e+01   2.5000000e+01   2.0000000e+01   2.9000000e+01   2.3000000e+01
   1.9000000e+01   1.2000000e+01   1.7000000e+01   1.4000000e+01   2.4000000e+01   1.8000000e+01   2.2000000e+01   2.5000000e+01   2.4000000e+01   2.3000000e+01   1.6000000e+01   1.8000000e+01   1.4000000e+01   2.3000000e+01   3.1000000e+01   2.3000000e+01   1.6000000e+01   2.5000000e+01   2.3000000e+01   3.0000000e+01   2.0000000e+01   2.4000000e+01   1.7000000e+01   1.4000000e+01   2.4000000e+01   1.9000000e+01   1.6000000e+01   2.0000000e+01   2.7000000e+01   1.8000000e+01   2.0000000e+01   2.5000000e+01
   1.1000000e+01   1.6000000e+01   2.0000000e+01   3.1000000e+01   1.7000000e+01   1.3000000e+01   2.4000000e+01   2.4000000e+01   2.1000000e+01   2.4000000e+01   2.5000000e+01   1.8000000e+01   2.0000000e+01   1.8000000e+01   2.5000000e+01   1.9000000e+01   2.6000000e+01   2.4000000e+01   1.4000000e+01   1.6000000e+01   2.7000000e+01   2.1000000e+01   1.6000000e+01   2.1000000e+01   2.1000000e+01   1.9000000e+01   2.7000000e+01   2.4000000e+01   2.3000000e+01   1.5000000e+01   1.5000000e+01   2.8000000e+01
   1.9000000e+01   2.1000000e+01   1.7000000e+01   2.6000000e+01   1.9000000e+01   3.2000000e+01   1.9000000e+01   2.0000000e+01   2.1000000e+01   1.5000000e+01   2.1000000e+01   2.3000000e+01   2.2000000e+01   1.7000000e+01   2.2000000e+01   1.5000000e+01   1.8000000e+01   2.4000000e+01   1.7000000e+01   1.2000000e+01   1.2000000e+01   1.6000000e+01   1.4000000e+01   1.6000000e+01   2.8000000e+01   2.2000000e+01   2.0000000e+01   2.9000000e+01   1.8000000e+01   2.5000000e+01   8.0000000e+00   1.7000000e+01
   2.4000000e+01   1.8000000e+01   2.7000000e+01   2.6000000e+01   1.5000000e+01   1.4000000e+01   2.8000000e+01   3.2000000e+01   1.6000000e+01   3.0000000e+01   2.3000000e+01   1.5000000e+01   2.4000000e+01   2.2000000e+01   2.3000000e+01   1.7000000e+01   2.1000000e+01   2.0000000e+01   1.6000000e+01   1.1000000e+01   2.2000000e+01   2.6000000e+01   2.4000000e+01   1.9000000e+01   2.5000000e+01   1.9000000e+01   1.9000000e+01   1.7000000e+01   1.6000000e+01   2.1000000e+01   2.0000000e+01   1.9000000e+01
   2.5000000e+01   2.2000000e+01   1.7000000e+01   2.0000000e+01   1.6000000e+01   2.0000000e+01   2.3000000e+01   1.2000000e+01   1.3000000e+01   1.5000000e+01   2.6000000e+01   2.1000000e+01   2.0000000e+01   2.1000000e+01   1.5000000e+01   2.0000000e+01   1.5000000e+01   2.4000000e+01   1.8000000e+01   2.4000000e+01   1.6000000e+01   2.0000000e+01   1.8000000e+01   2.4000000e+01   1.6000000e+01   2.0000000e+01   1.7000000e+01   2.3000000e+01   2.9000000e+01   2.1000000e+01   2.2000000e+01   2.2000000e+01
   2.3000000e+01   2.5000000e+01   2.2000000e+01   2.6000000e+01   1.5000000e+01   2.5000000e+01   3.2000000e+01   1.6000000e+01   1.8000000e+01   2.8000000e+01   2.6000000e+01   2.1000000e+01   2.4000000e+01   2.1000000e+01   2.4000000e+01   2.0000000e+01   2.2000000e+01   2.7000000e+01   2.2000000e+01   1.8000000e+01   1.7000000e+01   1.9000000e+01   2.2000000e+01   2.0000000e+01   2.5000000e+01   1.8000000e+01   1.7000000e+01   2.4000000e+01   2.9000000e+01   2.1000000e+01   2.2000000e+01   1.7000000e+01
   2.4000000e+01   1.7000000e+01   1.8000000e+01   1.8000000e+01   2.3000000e+01   1.7000000e+01   1.8000000e+01   1.9000000e+01   2.5000000e+01   3.0000000e+01   3.2000000e+01   4.9000000e+01   3.8000000e+01   2.9000000e+01   3.2000000e+01   2.5000000e+01   1.9000000e+01   2.3000000e+01   1.8000000e+01   2.0000000e+01   1.4000000e+01   2.5000000e+01   2.3000000e+01   1.3000000e+01   3.0000000e+01   2.0000000e+01   2.0000000e+01   1.8000000e+01   2.4000000e+01   2.4000000e+01   2.0000000e+01   2.3000000e+01
   1.4000000e+01   2.3000000e+01   2.5000000e+01   1.9000000e+01   1.3000000e+01   2.0000000e+01   2.1000000e+01   1.7000000e+01   3.4000000e+01   4.1000000e+01   4.8000000e+01   6.4000000e+01   7.1000000e+01   5.8000000e+01   3.3000000e+01   2.6000000e+01   2.1000000e+01   2.4000000e+01   2.3000000e+01   2.3000000e+01   2.2000000e+01   2.2000000e+01   2.6000000e+01   2.3000000e+01   1.9000000e+01   1.3000000e+01   2.4000000e+01   2.6000000e+01   2.6000000e+01   9.0000000e+00   2.1000000e+01   2.2000000e+01
   2.2000000e+01   2.0000000e+01   2.0000000e+01   1.7000000e+01   2.4000000e+01   1.3000000e+01   1.8000000e+01   2.4000000e+01   3.4000000e+01   4.6000000e+01   9.6000000e+01   8.7000000e+01   9.9000000e+01   7.1000000e+01   6.5000000e+01   5.0000000e+01   3.3000000e+01   3.0000000e+01   2.0000000e+01   2.4000000e+01   1.2000000e+01   1.8000000e+01   2.2000000e+01   1.4000000e+01   2.6000000e+01   2.2000000e+01   2.0000000e+01   1.4000000e+01   2.6000000e+01   2.1000000e+01   1.9000000e+01   2.1000000e+01
   3.1000000e+01   2.6000000e+01   1.7000000e+01   8.0000000e+00   2.4000000e+01   2.2000000e+01   2.3000000e+01   2.2000000e+01   5.0000000e+01   6.6000000e+01   1.0800000e+02   1.1600000e+02   1.5100000e+02   1.1000000e+02   8.6000000e+01   4.2000000e+01   2.3000000e+01   2.2000000e+01   2.0000000e+01   2.6000000e+01   1.7000000e+01   1.9000000e+01   2.1000000e+01   1.4000000e+01   1.8000000e+01   1.9000000e+01   1.6000000e+01   2.0000000e+01   2.2000000e+01   2.3000000e+01   1.6000000e+01   2.5000000e+01
   2.0000000e+01   2.5000000e+01   1.3000000e+01   2.4000000e+01   2.2000000e+01   2.2000000e+01   2.8000000e+01   2.9000000e+01   4.0000000e+01   6.2000000e+01   8.0000000e+01   1.1700000e+02   1.4500000e+02   1.0700000e+02   7.8000000e+01   5.0000000e+01   3.7000000e+01   1.1000000e+01   2.2000000e+01   1.4000000e+01   2.6000000e+01   1.8000000e+01   1.7000000e+01   2.2000000e+01   2.1000000e+01   2.4000000e+01   2.1000000e+01   3.1000000e+01   1.9000000e+01   2.1000000e+01   2.7000000e+01   2.7000000e+01
   2.5000000e+01   2.1000000e+01   1.9000000e+01   2.6000000e+01   1.8000000e+01   1.1000000e+01   2.3000000e+01   1.7000000e+01   2.9000000e+01   5.4000000e+01   1.0200000e+02   1.2500000e+02   9.8000000e+01   1.0100000e+02   6.7000000e+01   5.0000000e+01   3.2000000e+01   2.5000000e+01   1.8000000e+01   1.6000000e+01   3.4000000e+01   1.7000000e+01   2.7000000e+01   2.7000000e+01   1.6000000e+01   2.4000000e+01   2.0000000e+01   1.8000000e+01   1.8000000e+01   1.7000000e+01   1.7000000e+01   2.9000000e+01
   1.8000000e+01   1.9000000e+01   2.2000000e+01   1.5000000e+01   2.3000000e+01   1.3000000e+01   1.8000000e+01   2.2000000e+01   3.1000000e+01   5.1000000e+01   7.1000000e+01   8.4000000e+01   7.8000000e+01   7.3000000e+01   3.8000000e+01   3.4000000e+01   2.8000000e+01   2.7000000e+01   1.8000000e+01   1.9000000e+01   2.0000000e+01   1.5000000e+01   2.8000000e+01   1.9000000e+01   1.9000000e+01   2.2000000e+01   2.9000000e+01   2.1000000e+01   1.9000000e+01   1.6000000e+01   3.3000000e+01   1.6000000e+01
   2.1000000e+01   1.9000000e+01   2.5000000e+01   1.9000000e+01   1.7000000e+01   2.4000000e+01   2.0000000e+01   2.6000000e+01   2.2000000e+01   5.3000000e+01   5.0000000e+01   5.0000000e+01   4.6000000e+01   5.4000000e+01   4.8000000e+01   1.9000000e+01   3.6000000e+01   2.4000000e+01   2.3000000e+01   2.0000000e+01   2.2000000e+01   1.4000000e+01   2.1000000e+01   1.7000000e+01   1.9000000e+01   1.8000000e+01   2.4000000e+01   2.1000000e+01   1.6000000e+01   2.4000000e+01   1.5000000e+01   2.2000000e+01
   1.7000000e+01   1.5000000e+01   1.9000000e+01   1.7000000e+01   2.2000000e+01   2.2000000e+01   2.9000000e+01   2.5000000e+01   3.3000000e+01   2.3000000e+01   3.4000000e+01   3.9000000e+01   2.8000000e+01   3.0000000e+01   2.3000000e+01   2.3000000e+01   3.5000000e+01   2.3000000e+01   1.8000000e+01   1.7000000e+01   2.2000000e+01   1.3000000e+01   2.2000000e+01   1.6000000e+01   2.5000000e+01   2.3000000e+01   2.1000000e+01   1.3000000e+01   1.1000000e+01   2.2000000e+01   3.1000000e+01   2.1000000e+01
   1.9000000e+01   1.6000000e+01   1.1000000e+01   2.1000000e+01   2.2000000e+01   1.3000000e+01   1.7000000e+01   1.8000000e+01   1.6000000e+01   2.8000000e+01   2.1000000e+01   1.9000000e+01   2.3000000e+01   2.2000000e+01   3.2000000e+01   3.2000000e+01   3.5000000e+01   2.4000000e+01   3.1000000e+01   2.1000000e+01   1.9000000e+01   2.5000000e+01   2.3000000e+01   2.1000000e+01   3.0000000e+01   1.9000000e+01   1.6000000e+01   2.0000000e+01   2.1000000e+01   1.7000000e+01   1.4000000e+01   2.2000000e+01
   1.1000000e+01   2.0000000e+01   2.9000000e+01   2.5000000e+01   2.5000000e+01   2.1000000e+01   2.5000000e+01   1.1000000e+01   2.2000000e+01   1.9000000e+01   1.5000000e+01   2.6000000e+01   1.7000000e+01   3.1000000e+01   3.7000000e+01   6.0000000e+01   5.7000000e+01   4.3000000e+01   4.3000000e+01   2.7000000e+01   2.4000000e+01   2.0000000e+01   2.2000000e+01   3.2000000e+01   1.5000000e+01   2.0000000e+01   1.9000000e+01   1.4000000e+01   2.8000000e+01   2.2000000e+01   1.3000000e+01   1.9000000e+01
   1.8000000e+01   1.3000000e+01   2.2000000e+01   1.7000000e+01   2.1000000e+01   2.1000000e+01   2.3000000e+01   1.7000000e+01   1.3000000e+01   1.9000000e+01   1.6000000e+01   2.4000000e+01   3.8000000e+01   5.8000000e+01   5.8000000e+01   8.9000000e+01   9.7000000e+01   7.3000000e+01   7.4000000e+01   5.1000000e+01   3.1000000e+01   2.3000000e+01   1.8000000e+01   2.4000000e+01   2.4000000e+01   1.8000000e+01   1.7000000e+01   2.7000000e+01   2.1000000e+01   1.8000000e+01   1.6000000e+01   1.8000000e+01
   1.8000000e+01   1.5000000e+01   2.0000000e+01   2.2000000e+01   1.4000000e+01   1.3000000e+01   1.8000000e+01   2.9000000e+01   2.0000000e+01   1.5000000e+01   1.7000000e+01   2.3000000e+01   3.5000000e+01   6.4000000e+01   1.0800000e+02   1.6200000e+02   1.6600000e+02   1.2900000e+02   1.1000000e+02   6.7000000e+01   4.2000000e+01   1.4000000e+01   1.8000000e+01   2.4000000e+01   2.3000000e+01   1.4000000e+01   1.8000000e+01   2.9000000e+01   1.7000000e+01   1.5000000e+01   1.3000000e+01   1.3000000e+01
   3.0000000e+01   1.5000000e+01   1.5000000e+01   2.4000000e+01   1.7000000e+01   1.9000000e+01   2.3000000e+01   2.0000000e+01   1.6000000e+01   2.0000000e+01   2.1000000e+01   2.5000000e+01   4.7000000e+01   7.2000000e+01   1.2000000e+02   1.6100000e+02   2.0400000e+02   1.7900000e+02   1.1800000e+02   8.7000000e+01   4.1000000e+01   2.7000000e+01   2.5000000e+01   1.3000000e+01   2.2000000e+01   1.8000000e+01   1.3000000e+01   2.7000000e+01   2.3000000e+01   1.1000000e+01   2.1000000e+01   2.2000000e+01
   1.6000000e+01   1.9000000e+01   1.9000000e+01   1.1000000e+01   2.2000000e+01   1.6000000e+01   2.7000000e+01   3.3000000e+01   1.7000000e+01   1.3000000e+01   2.4000000e+01   4.0000000e+01   2.6000000e+01   8.8000000e+01   1.3100000e+02   1.7400000e+02   2.1500000e+02   2.2100000e+02   1.3800000e+02   9.0000000e+01   4.4000000e+01   3.2000000e+01   2.6000000e+01   1.8000000e+01   1.8000000e+01   1.9000000e+01   2.6000000e+01   2.4000000e+01   1.1000000e+01   1.5000000e+01   2.1000000e+01   1.7000000e+01
   2.2000000e+01   1.6000000e+01   1.9000000e+01   1.5000000e+01   2.1000000e+01   2.4000000e+01   2.8000000e+01   1.4000000e+01   1.6000000e+01   1.7000000e+01   2.7000000e+01   3.2000000e+01   3.5000000e+01   6.4000000e+01   1.2500000e+02   1.6200000e+02   1.7000000e+02   1.3800000e+02   1.0900000e+02   7.9000000e+01   4.5000000e+01   3.3000000e+01   2.6000000e+01   1.4000000e+01   2.2000000e+01   2.6000000e+01   2.4000000e+01   1.8000000e+01   2.2000000e+01   2.3000000e+01   1.7000000e+01   1.6000000e+01
   1.9000000e+01   1.5000000e+01   1.7000000e+01   1.3000000e+01   2.2000000e+01   2.1000000e+01   1.6000000e+01   2.0000000e+01   1.3000000e+01   2.0000000e+01   2.6000000e+01   2.2000000e+01   3.2000000e+01   5.4000000e+01   8.9000000e+01   1.1000000e+02   1.3900000e+02   1.3500000e+02   8.0000000e+01   8.8000000e+01   4.3000000e+01   2.5000000e+01   2.0000000e+01   1.7000000e+01   2.4000000e+01   2.5000000e+01   1.8000000e+01   1.7000000e+01   2.0000000e+01   2.0000000e+01   2.7000000e+01   1.5000000e+01
   2.6000000e+01   1.7000000e+01   2.2000000e+01   1.2000000e+01   2.3000000e+01   1.9000000e+01   2.2000000e+01   1.8000000e+01   1.5000000e+01   2.2000000e+01   2.2000000e+01   2.6000000e+01   2.7000000e+01   3.3000000e+01   4.9000000e+01   5.9000000e+01   7.6000000e+01   6.5000000e+01   4.6000000e+01   4.1000000e+01   2.8000000e+01   3.0000000e+01   2.1000000e+01   2.1000000e+01   1.7000000e+01   1.4000000e+01   1.4000000e+01   2.6000000e+01   2.2000000e+01   1.8000000e+01   2.2000000e+01   2.6000000e+01
   1.4000000e+01   1.9000000e+01   2.2000000e+01   2.6000000e+01   1.3000000e+01   1.3000000e+01   1.8000000e+01   1.8000000e+01   1.6000000e+01   2.0000000e+01   1.5000000e+01   2.1000000e+01   2.3000000e+01   1.8000000e+01   3.4000000e+01   3.0000000e+01   3.4000000e+01   3.4000000e+01   3.1000000e+01   2.8000000e+01   3.1000000e+01   1.7000000e+01   1.6000000e+01   2.2000000e+01   2.3000000e+01   1.6000000e+01   2.0000000e+01   2.2000000e+01   1.7000000e+01   2.0000000e+01   1.4000000e+01   2.3000000e+01
   1.7000000e+01   1.6000000e+01   1.5000000e+01   2.7000000e+01   2.1000000e+01   2.3000000e+01   1.3000000e+01   2.7000000e+01   2.0000000e+01   1.3000000e+01   1.2000000e+01   2.0000000e+01   3.0000000e+01   2.0000000e+01   2.4000000e+01   3.1000000e+01   2.7000000e+01   2.2000000e+01   2.6000000e+01   3.0000000e+01   1.7000000e+01   2.6000000e+01   1.6000000e+01   1.7000000e+01   1.4000000e+01   2.2000000e+01   2.4000000e+01   2.2000000e+01   2.7000000e+01   2.1000000e+01   2.1000000e+01   3.0000000e+01
   1.6000000e+01   2.0000000e+01   3.0000000e+01   2.3000000e+01   2.6000000e+01   2.1000000e+01   2.5000000e+01   2.2000000e+01   2.8000000e+01   2.2000000e+01   1.4000000e+01   2.3000000e+01   2.7000000e+01   2.2000000e+01   2.5000000e+01   2.4000000e+01   1.4000000e+01   2.6000000e+01   2.1000000e+01   1.6000000e+01   2.1000000e+01   2.2000000e+01   2.7000000e+01   1.8000000e+01   1.5000000e+01   3.2000000e+01   1.7000000e+01   2.8000000e+01   2.0000000e+01   1.9000000e+01   1.7000000e+01   2.2000000e+01
   2.9000000e+01   2.2000000e+01   1.3000000e+01   2.1000000e+01   2.2000000e+01   1.8000000e+01   1.9000000e+01   2.1000000e+01   2.1000000e+01   2.9000000e+01   3.6000000e+01   2.5000000e+01   2.0000000e+01   2.5000000e+01   1.7000000e+01   1.8000000e+01   1.7000000e+01   2.4000000e+01   1.9000000e+01   1.8000000e+01   2.1000000e+01   1.2000000e+01   2.1000000e+01   2.3000000e+01   1.9000000e+01   2.4000000e+01   1.5000000e+01   1.9000000e+01   1.2000000e+01   2.2000000e+01   1.2000000e+01   2.5000000e+01
   1.5000000e+01   1.9000000e+01   1.7000000e+01   2.1000000e+01   1.8000000e+01   1.5000000e+01   2.3000000e+01   1.5000000e+01   1.5000000e+01   1.5000000e+01   1.8000000e+01   1.9000000e+01   1.8000000e+01   1.3000000e+01   1.4000000e+01   2.2000000e+01   1.6000000e+01   1.8000000e+01   1.7000000e+01   1.8000000e+01   2.2000000e+01   1.9000000e+01   1.5000000e+01   1.9000000e+01   1.4000000e+01   2.3000000e+01   2.0000000e+01   1.9000000e+01   1.5000000e+01   2.4000000e+01   1.1000000e+01   2.5000000e+01
