0.0
0.0
-1.1294122923
-0.635047177765
-2.16052803804
-0.438504641305
-0.933516499544
-1.4109655135
-0.420826871194
-0.410164605341
1.54973892215
1.00850535859
2.60974085829
2.0154976806
3.52128383321
3.10947870857
4.02421068344
3.3623142691
4.01192386084
3.33385984694
3.29772384298
3.03296576778
2.83573261804
2.4008569849
1.09002596109
0.566616743991
-0.681657211314
-0.973665437707
-0.784180521704
-1.0731011458
-0.490295015143
-1.54174924021
0.170895544328
-0.279369062872
-0.407173301853
0.591592005608
-0.0624449439907
-1.14117727658
-0.37646968831
-1.12414901393
-0.417466070358
-0.438791711663
-1.69568985603
-1.08559572189
-2.14224094954
-0.383745012033
-0.804378768337
-1.13576416174
-2.15146667548
-1.03812252054
-0.97535406688
1.06073003174
1.077796468
1.29582860767
0.412240598367
0.845005613819
1.5538547952
-1.07034121242
-1.66898671712
0.0986572744511
0.311764186002
0.331574174359
-1.32548130773
-0.664879117858
-1.04631613293
-0.177119857458
-1.89353544036
-0.828593977366
-1.95524582164
-1.5144812546
-0.171178432181
-2.68518373555
-1.86757224502
-1.42121822137
-0.886724717266
-0.0937899078922
-0.190643606213
0.528955518934
0.0731620167851
0.687834828956
0.509941689916
0.442415064401
0.312560077249
0.400663449541
0.687728638461
1.27866059371
1.11759417168
1.08796014637
2.3364828472
1.39467622911
2.19385587887
0.979671635459
1.09782941968
0.848308686363
0.121859569532
0.00393205611343
1.34968840782
1.14166911172
2.1015688439
2.64136269669