      3.89361    -0.262363
      3.13964     -5.40954
    -0.456413      6.92604
      8.84984     -1.69042
    -0.195657     -9.13221
     -7.08396     -3.75134
      4.03352      3.24804
     0.541893      5.63818
      5.13444      8.90816
     -6.15163     -5.67577
     -2.79153      3.03999
      7.92444     -5.60732
      2.58552      5.29521
     -1.33124      4.25373
     -9.64783     -4.35920
      2.48018     -3.40888
      7.69885      4.03577
      4.48173    -0.621250
      3.66279      1.22279
     -2.99433      3.66994
     -8.85363     -9.58117
     -4.53427      2.00767
     -2.63762      6.70335
