      6.85490      9.30329
     -9.11952     -9.13499
     -3.50106     -1.20814
     -5.51609     -3.35108
     -5.65096      6.75241
      3.97433     0.923716
      1.99630      8.60237
     -2.20180     -1.54023
      7.18388     -2.05117
      5.77638     -6.84713
      3.98761      5.96440
      7.32201      9.62914
     -4.69944     -7.29210
      3.21219    -0.469736
      3.71121     -7.80875
     0.209353      3.29492
     -6.18528      8.62325
    -0.134716     -6.68787
     -8.97924      1.35218
     -7.09590      7.51612
     -9.92680     -4.22813
      3.30315     -3.02943
      2.93063     -7.41839
     -2.77105     -4.50947
