     -4.45997     -9.96799
     -2.53040      8.21751
      8.06745     -9.10521
  0.000482321     -9.44079
     -5.99174     -4.02085
     -3.12729      3.25503
      4.93574     0.518902
     -8.00889     -9.92582
     -1.33656     -1.04645
      8.89342      7.67241
      1.31449    -0.366776
      5.40136      7.28603
      7.77498     0.229712
     -9.98867      2.67018
     -1.53549     -3.69399
     -7.71574     -1.17681
     -4.36144     0.715060
      1.36735     -4.11594
     -4.21814      9.47811
     0.294463     -6.95207
      8.02667      8.95591
      7.18624     -6.90087
     -9.96197     -2.07874
      7.87983     -3.71496
      6.04061      1.04461
      4.59667      2.02837
     -5.72885     -7.98976
