     -6.17116      7.75432
     -5.56725      2.58738
      1.34233      9.41817
     -1.01419      7.65769
     -7.82540     -1.87168
      6.13547     -6.01122
     -1.18445     -7.20051
      2.56419      8.86551
     -7.61386     -6.52621
      4.98120     -1.83203
     -4.89023     -6.79424
      1.56758     -1.00074
      1.38465     -8.44334
     -8.70631     -8.94605
      9.49963      2.25384
      6.45780     -4.77365
    -0.894300      3.63474
      8.08182      8.97961
      9.08399     -6.96643
      7.29885      1.66544
     -9.85385     -3.83636
      3.70599      3.43713
     -6.72205      4.34920
     -5.51019      7.55987
     -6.77850      9.12912
      4.60571    -0.329481
      7.72691      6.44300
      6.59791      2.18541
      1.48799      6.04023
    0.0335922     -7.08439
    -0.986799     -5.66611
