     -2.80924     -4.02527
      8.47344      1.08697
     -1.41391      1.56686
     -8.69914      2.95284
     -4.48596     -8.24018
      4.78434     -1.53297
     -1.06920      5.88880
     -3.99263      7.83747
     -6.71004     0.906283
      6.68434     -5.88250
      4.03620     -4.70161
      4.57419      8.18286
    -0.687733      2.61955
      1.03010    -0.339198
      2.30489      8.38266
      4.50135     -4.17220
      9.94849      7.86995
      9.48774      4.34674
      9.74778     -6.52631
    -0.908144      7.42915
     -2.07859     -3.27519
      1.82406      9.11101
      9.51316      6.81975
      9.27358      1.22604
     -9.16531     -2.18291
     -7.51484      2.64537
      5.71034     -2.80662
     -7.98861      4.32712
